;JN02_TE02;JN02_TE11;JN02LM01_T1;JN02LM01_T2;JN01_TE12;JN01_TE13;JN01LM01_FE;JN01LM01_T1;JN01LM01_T2;JN01_TE01;JN01_TE02;JN01_TE03;KS01_TE22;KS01_TE21;JN01LM02_FE;JN01LM02_T1;JN01LM02_T2;JN01_TE11;JN01_TV01;Principal Component 1;Principal Component 2;Principal Component 3;Principal Component 4
JN02_TE02;1.0;0.950163015382056;0.8911959687975946;0.9891989252377076;0.9090969217685353;0.8810014616354189;-0.13531195976686466;0.549895970175586;0.6073535535995753;0.6149759260239956;0.5438058637454104;0.6891986186181237;-0.598736463925917;-0.4184649462946539;-0.07811046888686807;0.8814313479343082;0.8543100607054698;0.8569501718452084;-0.5822359672210776;0.8975740826450583;0.28970509715010107;0.2587436199647139;-0.11418620462853539
JN02_TE11;0.950163015382056;1.0;0.8575159079847815;0.9175763793071515;0.951489025996883;0.908415412696908;-0.11518404098688131;0.5294806486158699;0.592782851975716;0.600867097594254;0.524290842078987;0.6687406138755643;-0.5745639059056329;-0.3740268263245368;-0.09750741393922308;0.9075035985406542;0.8618537584110719;0.8646302292951785;-0.5446581609277189;0.8884614004788018;0.276423832414973;0.3044620670522208;-0.0596860933822967
JN02LM01_T1;0.8911959687975946;0.8575159079847815;1.0;0.9251497993889346;0.7325914321068694;0.6607615408853673;-0.041306326841721246;0.3420896117328824;0.39226575456453544;0.3975399658313312;0.3363667738851025;0.46649243055543493;-0.5235872882198361;-0.41801544807588187;0.023029538783742098;0.6624473433773194;0.6290474814515514;0.6314688437456113;-0.5202803844704932;0.7133319520476074;0.3981567320762938;0.35303097660219745;-0.24046674582502364
JN02LM01_T2;0.9891989252377076;0.9175763793071515;0.9251497993889346;1.0;0.8635029707149536;0.832300754592318;-0.12941019699970072;0.5184314517961495;0.5730659794732637;0.5794759579318;0.5120837231379757;0.6548231988871996;-0.5935424922141956;-0.43278823028773555;-0.05823538860297106;0.8339857705567231;0.8118048413549122;0.8138642213042847;-0.585171993782114;0.8671352172851162;0.3126410547144022;0.26017738940344604;-0.14997824565894524
JN01_TE12;0.9090969217685353;0.951489025996883;0.7325914321068694;0.8635029707149536;1.0;0.9792793378272944;-0.26914071142816953;0.6736669850179726;0.7451606393571734;0.7520130416410489;0.6698382150908077;0.8022479556538658;-0.5655518935711907;-0.3471356014594031;-0.25834633799481665;0.9777128729744528;0.9644166659643904;0.9661937456165072;-0.51956092633315;0.9591873748932825;0.10757146319330338;0.17826039863353477;0.09154396203058753
JN01_TE13;0.8810014616354189;0.908415412696908;0.6607615408853673;0.832300754592318;0.9792793378272944;1.0;-0.24561809710110094;0.6920753173356838;0.7568160861315155;0.7634508833542907;0.6875222242935641;0.822452401304266;-0.5807531706272347;-0.344242384362145;-0.22808316449921792;0.9995589053231989;0.9801080159456219;0.9808160802855822;-0.5226448403534659;0.9565967171753261;0.09476215428400803;0.11618934611217917;0.10028452054545209
JN01LM01_FE;-0.13531195976686466;-0.11518404098688131;-0.041306326841721246;-0.12941019699970072;-0.26914071142816953;-0.24561809710110094;1.0;-0.8048749807519678;-0.7808983437075148;-0.7718649504140178;-0.8122553086389415;-0.676492368613183;-0.2396516164714993;-0.2369739180537598;0.4072030795021466;-0.2452741579675414;-0.36317596421765436;-0.35789828305621973;-0.2847989905995701;-0.4287762902246876;0.809276009752137;0.1782973044165988;0.11365774794693943
JN01LM01_T1;0.549895970175586;0.5294806486158699;0.3420896117328824;0.5184314517961495;0.6736669850179726;0.6920753173356838;-0.8048749807519678;1.0;0.9849144246887038;0.9841235545367916;0.9996649969365261;0.963519198518989;-0.15438298930435737;-0.046368288019611854;-0.30950697436166624;0.693750110371978;0.7620114920028929;0.7586657327792481;-0.0973448763273609;0.8131754563952792;-0.5305672638716292;-0.17037364087750023;-0.124645389168589
JN01LM01_T2;0.6073535535995753;0.592782851975716;0.39226575456453544;0.5730659794732637;0.7451606393571734;0.7568160861315155;-0.7808983437075148;0.9849144246887038;1.0;0.9987631055032473;0.9852216693853161;0.9791369943299508;-0.23302559051819566;-0.11260876880942292;-0.35570443246137934;0.7575247119874141;0.8276621338892931;0.824285733133657;-0.1723348152107244;0.8655643642553318;-0.4675894470976373;-0.15900754755992919;-0.04561236978061506
JN01_TE01;0.6149759260239956;0.600867097594254;0.3975399658313312;0.5794759579318;0.7520130416410489;0.7634508833542907;-0.7718649504140178;0.9841235545367916;0.9987631055032473;1.0;0.9840829243271697;0.9799224486919563;-0.24186809686522406;-0.11901555076861087;-0.3561170281667791;0.763971314257411;0.8327810301059632;0.8301381360686614;-0.18062460537834726;0.8705285068627646;-0.4584671395754653;-0.15654419017531573;-0.041222311929152176
JN01_TE02;0.5438058637454104;0.524290842078987;0.3363667738851025;0.5120837231379757;0.6698382150908077;0.6875222242935641;-0.8122553086389415;0.9996649969365261;0.9852216693853161;0.9840829243271697;1.0;0.9622934097969023;-0.14599302313060586;-0.039348949193120264;-0.3127880236168228;0.6889118950966844;0.7582861795586119;0.7549144763331816;-0.08926605777424773;0.8092042335194624;-0.5390081874192996;-0.1697829705375375;-0.12414331505275154
JN01_TE03;0.6891986186181237;0.6687406138755643;0.46649243055543493;0.6548231988871996;0.8022479556538658;0.822452401304266;-0.676492368613183;0.963519198518989;0.9791369943299508;0.9799224486919563;0.9622934097969023;1.0;-0.369801816822707;-0.24243940505393388;-0.2533792634071228;0.823767296052847;0.8850055699556538;0.8826319827283983;-0.32345761571823506;0.9186739752054123;-0.31730711305903053;-0.20036170485894586;-0.07965366409294979
KS01_TE22;-0.598736463925917;-0.5745639059056329;-0.5235872882198361;-0.5935424922141956;-0.5655518935711907;-0.5807531706272347;-0.2396516164714993;-0.15438298930435737;-0.23302559051819566;-0.24186809686522406;-0.14599302313060586;-0.369801816822707;1.0;0.9172123936296716;-0.14776414107892552;-0.5815723501907774;-0.5839190886524683;-0.586310738586967;0.8691195436011572;-0.5730530363125448;-0.6802455938542611;0.38462001390991685;-0.12248213849553279
KS01_TE21;-0.4184649462946539;-0.3740268263245368;-0.41801544807588187;-0.43278823028773555;-0.3471356014594031;-0.344242384362145;-0.2369739180537598;-0.046368288019611854;-0.11260876880942292;-0.11901555076861087;-0.039348949193120264;-0.24243940505393388;0.9172123936296716;1.0;-0.2380984017162004;-0.34528885008120147;-0.3828180412383909;-0.38467725403098385;0.8355239110627045;-0.39536628829507653;-0.6815780801714082;0.5538699969669304;-0.046652012342575516
JN01LM02_FE;-0.07811046888686807;-0.09750741393922308;0.023029538783742098;-0.05823538860297106;-0.25834633799481665;-0.22808316449921792;0.4072030795021466;-0.30950697436166624;-0.35570443246137934;-0.3561170281667791;-0.3127880236168228;-0.2533792634071228;-0.14776414107892552;-0.2380984017162004;1.0;-0.21757819327417835;-0.27047229102913534;-0.2762890315393531;-0.12358594163573076;-0.24009922528624456;0.45304676208816125;-0.20959132886368295;-0.7826783757682889
JN01LM02_T1;0.8814313479343082;0.9075035985406542;0.6624473433773194;0.8339857705567231;0.9777128729744528;0.9995589053231989;-0.2452741579675414;0.693750110371978;0.7575247119874141;0.763971314257411;0.6889118950966844;0.823767296052847;-0.5815723501907774;-0.34528885008120147;-0.21757819327417835;1.0;0.9797455957113377;0.9800625481021971;-0.5218860182955238;0.9567790260738004;0.09581549639339275;0.11351724674395788;0.08907322130000796
JN01LM02_T2;0.8543100607054698;0.8618537584110719;0.6290474814515514;0.8118048413549122;0.9644166659643904;0.9801080159456219;-0.36317596421765436;0.7620114920028929;0.8276621338892931;0.8327810301059632;0.7582861795586119;0.8850055699556538;-0.5839190886524683;-0.3828180412383909;-0.27047229102913534;0.9797455957113377;1.0;0.9993373827118839;-0.5354258003716016;0.9777032080594867;0.02125889958236161;-0.0032190727604193485;0.1134641397437007
JN01_TE11;0.8569501718452084;0.8646302292951785;0.6314688437456113;0.8138642213042847;0.9661937456165072;0.9808160802855822;-0.35789828305621973;0.7586657327792481;0.824285733133657;0.8301381360686614;0.7549144763331816;0.8826319827283983;-0.586310738586967;-0.38467725403098385;-0.2762890315393531;0.9800625481021971;0.9993373827118839;1.0;-0.5433486751554338;0.9779967799607884;0.026653862490980198;-0.0002001761087070469;0.12155997916596331
JN01_TV01;-0.5822359672210776;-0.5446581609277189;-0.5202803844704932;-0.585171993782114;-0.51956092633315;-0.5226448403534659;-0.2847989905995701;-0.0973448763273609;-0.1723348152107244;-0.18062460537834726;-0.08926605777424773;-0.32345761571823506;0.8691195436011572;0.8355239110627045;-0.12358594163573076;-0.5218860182955238;-0.5354258003716016;-0.5433486751554338;1.0;-0.5246310444812884;-0.6982724651871473;0.3205252783896812;-0.15412349299025546
Principal Component 1;0.8975740826450583;0.8884614004788018;0.7133319520476074;0.8671352172851162;0.9591873748932825;0.9565967171753261;-0.4287762902246876;0.8131754563952792;0.8655643642553318;0.8705285068627646;0.8092042335194624;0.9186739752054123;-0.5730530363125448;-0.39536628829507653;-0.24009922528624456;0.9567790260738004;0.9777032080594867;0.9779967799607884;-0.5246310444812884;1.0;-8.345015483458006e-16;3.4411293837060124e-16;6.40880040310703e-18
Principal Component 2;0.28970509715010107;0.276423832414973;0.3981567320762938;0.3126410547144022;0.10757146319330338;0.09476215428400803;0.809276009752137;-0.5305672638716292;-0.4675894470976373;-0.4584671395754653;-0.5390081874192996;-0.31730711305903053;-0.6802455938542611;-0.6815780801714082;0.45304676208816125;0.09581549639339275;0.02125889958236161;0.026653862490980198;-0.6982724651871473;-8.345015483458006e-16;1.0;1.058540460767367e-15;6.074529982900271e-17
Principal Component 3;0.2587436199647139;0.3044620670522208;0.35303097660219745;0.26017738940344604;0.17826039863353477;0.11618934611217917;0.1782973044165988;-0.17037364087750023;-0.15900754755992919;-0.15654419017531573;-0.1697829705375375;-0.20036170485894586;0.38462001390991685;0.5538699969669304;-0.20959132886368295;0.11351724674395788;-0.0032190727604193485;-0.0002001761087070469;0.3205252783896812;3.4411293837060124e-16;1.058540460767367e-15;1.0;2.940798529230077e-16
Principal Component 4;-0.11418620462853539;-0.0596860933822967;-0.24046674582502364;-0.14997824565894524;0.09154396203058753;0.10028452054545209;0.11365774794693943;-0.124645389168589;-0.04561236978061506;-0.041222311929152176;-0.12414331505275154;-0.07965366409294979;-0.12248213849553279;-0.046652012342575516;-0.7826783757682889;0.08907322130000796;0.1134641397437007;0.12155997916596331;-0.15412349299025546;6.40880040310703e-18;6.074529982900271e-17;2.940798529230077e-16;1.0
